[
    {
        "Device": "M72f",
        "Type": "Intel RealSense D415",
        "Serial": "805212060269",
        "Firmware": "05.11.01.00",
        "Date": "Thu Feb  7 12.26.42 2019\n",
        "Color Intrinsics": [
            {
                "1280x720": [
                    926.9711303710938,
                    0.0,
                    659.4183959960938,
                    0.0,
                    926.6008911132813,
                    349.6800537109375,
                    0.0,
                    0.0,
                    1.0
                ]
            },
            {
                "1920x1080": [
                    1390.4566650390626,
                    0.0,
                    989.1276245117188,
                    0.0,
                    1389.9013671875,
                    524.5200805664063,
                    0.0,
                    0.0,
                    1.0
                ]
            },
            {
                "640x480": [
                    617.9807739257813,
                    0.0,
                    332.9455871582031,
                    0.0,
                    617.7339477539063,
                    233.1200408935547,
                    0.0,
                    0.0,
                    1.0
                ]
            }
        ],
        "Depth Intrinsics": [
            {
                "1280x720": [
                    943.5726318359375,
                    0.0,
                    636.60302734375,
                    0.0,
                    943.5726318359375,
                    352.9541015625,
                    0.0,
                    0.0,
                    1.0
                ]
            },
            {
                "640x480": [
                    629.0484008789063,
                    0.0,
                    317.7353515625,
                    0.0,
                    629.0484008789063,
                    235.302734375,
                    0.0,
                    0.0,
                    1.0
                ]
            }
        ],
        "Color Depth Rotation": [
            0.9999945163726807,
            0.0030980859883129598,
            -0.0011772451689466835,
            -0.0030911159701645376,
            0.9999779462814331,
            0.005877162795513868,
            0.0011954272631555796,
            -0.005873491521924734,
            0.9999820590019226
        ],
        "Color Depth Translation": [
            -0.015062871389091015,
            0.00019731183419935405,
            0.00018356942746322602
        ]
    },
    {
        "Device": "M72e",
        "Type": "Intel RealSense D415",
        "Serial": "751412060255",
        "Firmware": "05.11.01.00",
        "Date": "Thu Feb  7 12.32.05 2019\n",
        "Color Intrinsics": [
            {
                "1280x720": [
                    923.6888427734375,
                    0.0,
                    633.0211791992188,
                    0.0,
                    923.1939697265625,
                    374.9205017089844,
                    0.0,
                    0.0,
                    1.0
                ]
            },
            {
                "1920x1080": [
                    1385.533203125,
                    0.0,
                    949.5317993164063,
                    0.0,
                    1384.7908935546876,
                    562.3807373046875,
                    0.0,
                    0.0,
                    1.0
                ]
            },
            {
                "640x480": [
                    615.7925415039063,
                    0.0,
                    315.34747314453127,
                    0.0,
                    615.462646484375,
                    249.94700622558595,
                    0.0,
                    0.0,
                    1.0
                ]
            }
        ],
        "Depth Intrinsics": [
            {
                "1280x720": [
                    939.235107421875,
                    0.0,
                    639.2382202148438,
                    0.0,
                    939.235107421875,
                    350.4108581542969,
                    0.0,
                    0.0,
                    1.0
                ]
            },
            {
                "640x480": [
                    626.15673828125,
                    0.0,
                    319.4921569824219,
                    0.0,
                    626.15673828125,
                    233.60723876953126,
                    0.0,
                    0.0,
                    1.0
                ]
            }
        ],
        "Color Depth Rotation": [
            0.9999940991401672,
            -0.002354710828512907,
            -0.0025166908744722606,
            0.0023564842995256187,
            0.9999969601631165,
            0.0007019186159595847,
            0.0025150305591523649,
            -0.0007078449707478285,
            0.999996542930603
        ],
        "Color Depth Translation": [
            -0.014932621270418167,
            -0.000006326750281004934,
            0.00007343659672187641
        ]
    },
    {
        "Device": "M72g",
        "Type": "Intel RealSense D415",
        "Serial": "747612061027",
        "Firmware": "05.11.01.00",
        "Date": "Thu Feb  7 12.35.56 2019\n",
        "Color Intrinsics": [
            {
                "1280x720": [
                    921.7157592773438,
                    0.0,
                    619.9780883789063,
                    0.0,
                    921.34033203125,
                    362.80596923828127,
                    0.0,
                    0.0,
                    1.0
                ]
            },
            {
                "1920x1080": [
                    1382.5736083984376,
                    0.0,
                    929.9671630859375,
                    0.0,
                    1382.010498046875,
                    544.208984375,
                    0.0,
                    0.0,
                    1.0
                ]
            },
            {
                "640x480": [
                    614.4771728515625,
                    0.0,
                    306.6520690917969,
                    0.0,
                    614.2268676757813,
                    241.8706512451172,
                    0.0,
                    0.0,
                    1.0
                ]
            }
        ],
        "Depth Intrinsics": [
            {
                "1280x720": [
                    960.0206298828125,
                    0.0,
                    653.792236328125,
                    0.0,
                    960.0206298828125,
                    360.2734069824219,
                    0.0,
                    0.0,
                    1.0
                ]
            },
            {
                "640x480": [
                    640.0137329101563,
                    0.0,
                    329.19482421875,
                    0.0,
                    640.0137329101563,
                    240.18226623535157,
                    0.0,
                    0.0,
                    1.0
                ]
            }
        ],
        "Color Depth Rotation": [
            0.999981164932251,
            0.0013490105047821999,
            -0.005986358970403671,
            -0.0013307768385857344,
            0.9999945163726807,
            0.003048807382583618,
            0.005990438628941774,
            -0.0030407835729420187,
            0.9999774098396301
        ],
        "Color Depth Translation": [
            -0.014684745110571385,
            -0.000017522765119792895,
            -0.0001882264914456755
        ]
    },
    {
        "Device": "M72i",
        "Type": "Intel RealSense D415",
        "Serial": "802212060229",
        "Firmware": "05.11.01.00",
        "Date": "Thu Feb  7 12.39.23 2019\n",
        "Color Intrinsics": [
            {
                "1280x720": [
                    926.0781860351563,
                    0.0,
                    650.7470703125,
                    0.0,
                    925.5628051757813,
                    355.77838134765627,
                    0.0,
                    0.0,
                    1.0
                ]
            },
            {
                "1920x1080": [
                    1389.1173095703126,
                    0.0,
                    976.12060546875,
                    0.0,
                    1388.3441162109376,
                    533.6676025390625,
                    0.0,
                    0.0,
                    1.0
                ]
            },
            {
                "640x480": [
                    617.385498046875,
                    0.0,
                    327.16473388671877,
                    0.0,
                    617.0418701171875,
                    237.1855926513672,
                    0.0,
                    0.0,
                    1.0
                ]
            }
        ],
        "Depth Intrinsics": [
            {
                "1280x720": [
                    938.232421875,
                    0.0,
                    655.3881225585938,
                    0.0,
                    938.232421875,
                    365.66912841796877,
                    0.0,
                    0.0,
                    1.0
                ]
            },
            {
                "640x480": [
                    625.48828125,
                    0.0,
                    330.2587585449219,
                    0.0,
                    625.48828125,
                    243.77940368652345,
                    0.0,
                    0.0,
                    1.0
                ]
            }
        ],
        "Color Depth Rotation": [
            0.9999992847442627,
            0.0012106744106858969,
            0.000025306997486040929,
            -0.0012106535723432899,
            0.999998927116394,
            -0.0008052455959841609,
            -0.000026281712052877994,
            0.0008052143384702504,
            0.9999996423721314
        ],
        "Color Depth Translation": [
            -0.014730011112987996,
            0.00010096529877046123,
            -0.0002816435880959034
        ]
    },
    {
        "Device": "X1",
        "Type": "Intel RealSense D415",
        "Serial": "751412060214",
        "Firmware": "05.11.01.00",
        "Date": "Thu Feb  7 12.41.59 2019\n",
        "Color Intrinsics": [
            {
                "1280x720": [
                    923.6380004882813,
                    0.0,
                    632.1577758789063,
                    0.0,
                    922.9730834960938,
                    369.6370849609375,
                    0.0,
                    0.0,
                    1.0
                ]
            },
            {
                "1920x1080": [
                    1385.45703125,
                    0.0,
                    948.2366943359375,
                    0.0,
                    1384.4595947265626,
                    554.4556274414063,
                    0.0,
                    0.0,
                    1.0
                ]
            },
            {
                "640x480": [
                    615.7586669921875,
                    0.0,
                    314.7718505859375,
                    0.0,
                    615.3154296875,
                    246.42471313476563,
                    0.0,
                    0.0,
                    1.0
                ]
            }
        ],
        "Depth Intrinsics": [
            {
                "1280x720": [
                    952.9354858398438,
                    0.0,
                    644.9832763671875,
                    0.0,
                    952.9354858398438,
                    367.3963623046875,
                    0.0,
                    0.0,
                    1.0
                ]
            },
            {
                "640x480": [
                    635.2903442382813,
                    0.0,
                    323.3221740722656,
                    0.0,
                    635.2903442382813,
                    244.9340057373047,
                    0.0,
                    0.0,
                    1.0
                ]
            }
        ],
        "Color Depth Rotation": [
            0.9999741315841675,
            -0.003805494401603937,
            -0.006102199666202068,
            0.0038173357024788858,
            0.9999908208847046,
            0.0019300359999760986,
            0.006094798911362886,
            -0.0019532800652086736,
            0.999979555606842
        ],
        "Color Depth Translation": [
            -0.014912979677319527,
            -0.000055772874475223946,
            0.00014451600145548582
        ]
    },
    {
        "Device": "X2",
        "Type": "Intel RealSense D415",
        "Serial": "746112061925",
        "Firmware": "05.11.01.00",
        "Date": "Thu Feb  7 12.44.42 2019\n",
        "Color Intrinsics": [
            {
                "1280x720": [
                    928.7793579101563,
                    0.0,
                    639.33056640625,
                    0.0,
                    927.8201904296875,
                    353.9960021972656,
                    0.0,
                    0.0,
                    1.0
                ]
            },
            {
                "1920x1080": [
                    1393.1690673828126,
                    0.0,
                    958.9959106445313,
                    0.0,
                    1391.7303466796876,
                    530.9940185546875,
                    0.0,
                    0.0,
                    1.0
                ]
            },
            {
                "640x480": [
                    619.186279296875,
                    0.0,
                    319.5537414550781,
                    0.0,
                    618.5468139648438,
                    235.99734497070313,
                    0.0,
                    0.0,
                    1.0
                ]
            }
        ],
        "Depth Intrinsics": [
            {
                "1280x720": [
                    946.7836303710938,
                    0.0,
                    639.4093017578125,
                    0.0,
                    946.7836303710938,
                    356.823974609375,
                    0.0,
                    0.0,
                    1.0
                ]
            },
            {
                "640x480": [
                    631.1890869140625,
                    0.0,
                    319.606201171875,
                    0.0,
                    631.1890869140625,
                    237.8826446533203,
                    0.0,
                    0.0,
                    1.0
                ]
            }
        ],
        "Color Depth Rotation": [
            0.9999953508377075,
            -0.0028499483596533539,
            0.0010298116831108928,
            0.002841878216713667,
            0.9999659061431885,
            0.007755006197839975,
            -0.0010518779745325447,
            -0.007752044126391411,
            0.9999693632125855
        ],
        "Color Depth Translation": [
            -0.014814693480730057,
            0.00015677961346227676,
            -0.0002529899647925049
        ]
    },
    {
        "Device": "M72j",
        "Type": "Intel RealSense D415",
        "Serial": "748512060225",
        "Firmware": "05.11.01.00",
        "Date": "Thu Feb  7 12.47.57 2019\n",
        "Color Intrinsics": [
            {
                "1280x720": [
                    924.6648559570313,
                    0.0,
                    622.2228393554688,
                    0.0,
                    924.4019165039063,
                    348.490966796875,
                    0.0,
                    0.0,
                    1.0
                ]
            },
            {
                "1920x1080": [
                    1386.997314453125,
                    0.0,
                    933.334228515625,
                    0.0,
                    1386.6029052734376,
                    522.7364501953125,
                    0.0,
                    0.0,
                    1.0
                ]
            },
            {
                "640x480": [
                    616.4432373046875,
                    0.0,
                    308.1485595703125,
                    0.0,
                    616.2679443359375,
                    232.32730102539063,
                    0.0,
                    0.0,
                    1.0
                ]
            }
        ],
        "Depth Intrinsics": [
            {
                "1280x720": [
                    933.471435546875,
                    0.0,
                    636.1492309570313,
                    0.0,
                    933.471435546875,
                    358.58331298828127,
                    0.0,
                    0.0,
                    1.0
                ]
            },
            {
                "640x480": [
                    622.3142700195313,
                    0.0,
                    317.4328308105469,
                    0.0,
                    622.3142700195313,
                    239.05552673339845,
                    0.0,
                    0.0,
                    1.0
                ]
            }
        ],
        "Color Depth Rotation": [
            0.9999843835830689,
            0.0013907481916248799,
            0.005412599537521601,
            -0.001382611459121108,
            0.9999979138374329,
            -0.0015067405765876175,
            -0.00541468383744359,
            0.0014992336509749294,
            0.9999842643737793
        ],
        "Color Depth Translation": [
            -0.014729287475347519,
            0.00000768594691180624,
            -0.000014656132407253608
        ]
    },
    {
        "Device": "M11",
        "Type": "Intel RealSense D415",
        "Serial": "746112060318",
        "Firmware": "05.11.01.00",
        "Date": "Thu Feb  7 12.52.55 2019\n",
        "Color Intrinsics": [
            {
                "1280x720": [
                    925.7280883789063,
                    0.0,
                    608.7579956054688,
                    0.0,
                    925.093017578125,
                    353.6944274902344,
                    0.0,
                    0.0,
                    1.0
                ]
            },
            {
                "1920x1080": [
                    1388.5921630859376,
                    0.0,
                    913.1370239257813,
                    0.0,
                    1387.6395263671876,
                    530.5416259765625,
                    0.0,
                    0.0,
                    1.0
                ]
            },
            {
                "640x480": [
                    617.1520385742188,
                    0.0,
                    299.1719970703125,
                    0.0,
                    616.7286987304688,
                    235.79627990722657,
                    0.0,
                    0.0,
                    1.0
                ]
            }
        ],
        "Depth Intrinsics": [
            {
                "1280x720": [
                    963.8802490234375,
                    0.0,
                    630.327880859375,
                    0.0,
                    963.8802490234375,
                    349.9407653808594,
                    0.0,
                    0.0,
                    1.0
                ]
            },
            {
                "640x480": [
                    642.5867919921875,
                    0.0,
                    313.5519104003906,
                    0.0,
                    642.5867919921875,
                    233.29383850097657,
                    0.0,
                    0.0,
                    1.0
                ]
            }
        ],
        "Color Depth Rotation": [
            0.9999901652336121,
            -0.004426322411745787,
            -0.0003652174200396985,
            0.0044257319532334808,
            0.9999889135360718,
            -0.0016010995022952557,
            0.0003723000700119883,
            0.0015994672430679203,
            0.9999986290931702
        ],
        "Color Depth Translation": [
            -0.014907529577612877,
            -0.0001185336077469401,
            0.00021592131815850735
        ]
    },
    {
        "Device": "M72h",
        "Type": "Intel RealSense D415",
        "Serial": "747612060822",
        "Firmware": "05.11.01.00",
        "Date": "Thu Feb  7 12.56.42 2019\n",
        "Color Intrinsics": [
            {
                "1280x720": [
                    927.3456420898438,
                    0.0,
                    638.1372680664063,
                    0.0,
                    926.7506713867188,
                    345.33544921875,
                    0.0,
                    0.0,
                    1.0
                ]
            },
            {
                "1920x1080": [
                    1391.0184326171876,
                    0.0,
                    957.2058715820313,
                    0.0,
                    1390.1259765625,
                    518.003173828125,
                    0.0,
                    0.0,
                    1.0
                ]
            },
            {
                "640x480": [
                    618.23046875,
                    0.0,
                    318.7581787109375,
                    0.0,
                    617.8338012695313,
                    230.2236328125,
                    0.0,
                    0.0,
                    1.0
                ]
            }
        ],
        "Depth Intrinsics": [
            {
                "1280x720": [
                    944.5665283203125,
                    0.0,
                    630.1114501953125,
                    0.0,
                    944.5665283203125,
                    362.0335693359375,
                    0.0,
                    0.0,
                    1.0
                ]
            },
            {
                "640x480": [
                    629.7109985351563,
                    0.0,
                    313.4076232910156,
                    0.0,
                    629.7109985351563,
                    240.35888671875,
                    0.0,
                    0.0,
                    1.0
                ]
            }
        ],
        "Color Depth Rotation": [
            0.9999710321426392,
            -0.004556839819997549,
            0.006093754433095455,
            0.004580932669341564,
            0.999981701374054,
            -0.003945613279938698,
            -0.006075663957744837,
            0.0039734141901135448,
            0.9999736547470093
        ],
        "Color Depth Translation": [
            -0.014759761281311512,
            0.00016824643535073847,
            -0.0003254800976719707
        ]
    },
    {
        "Device": "M10",
        "Type": "Intel RealSense D415",
        "Serial": "746112060447",
        "Firmware": "05.11.01.00",
        "Date": "Thu Feb  7 13.03.13 2019\n",
        "Color Intrinsics": [
            {
                "1280x720": [
                    914.0635986328125,
                    0.0,
                    623.482421875,
                    0.0,
                    914.3073120117188,
                    353.5306091308594,
                    0.0,
                    0.0,
                    1.0
                ]
            },
            {
                "1920x1080": [
                    1371.0953369140626,
                    0.0,
                    935.2236328125,
                    0.0,
                    1371.4609375,
                    530.2958984375,
                    0.0,
                    0.0,
                    1.0
                ]
            },
            {
                "640x480": [
                    609.375732421875,
                    0.0,
                    308.98828125,
                    0.0,
                    609.5382080078125,
                    235.68707275390626,
                    0.0,
                    0.0,
                    1.0
                ]
            }
        ],
        "Depth Intrinsics": [
            {
                "1280x720": [
                    949.4364013671875,
                    0.0,
                    637.0122680664063,
                    0.0,
                    949.4364013671875,
                    360.0342712402344,
                    0.0,
                    0.0,
                    1.0
                ]
            },
            {
                "640x480": [
                    632.9575805664063,
                    0.0,
                    318.0081787109375,
                    0.0,
                    632.9575805664063,
                    240.02284240722657,
                    0.0,
                    0.0,
                    1.0
                ]
            }
        ],
        "Color Depth Rotation": [
            0.9999953508377075,
            -0.0022362787276506426,
            -0.002066526096314192,
            0.002251196186989546,
            0.9999712109565735,
            0.007244710810482502,
            0.0020502652041614057,
            -0.0072493297047913078,
            0.9999715685844421
        ],
        "Color Depth Translation": [
            -0.01487873774021864,
            -0.0001491587609052658,
            0.00016825544298626482
        ]
    },
    {
        "Device": "M13",
        "Type": "Intel RealSense D415",
        "Serial": "746112060614",
        "Firmware": "05.11.01.00",
        "Date": "Thu Feb  7 13.13.11 2019\n",
        "Color Intrinsics": [
            {
                "1280x720": [
                    922.41650390625,
                    0.0,
                    603.6433715820313,
                    0.0,
                    922.0614013671875,
                    365.04779052734377,
                    0.0,
                    0.0,
                    1.0
                ]
            },
            {
                "1920x1080": [
                    1383.624755859375,
                    0.0,
                    905.465087890625,
                    0.0,
                    1383.0921630859376,
                    547.5716552734375,
                    0.0,
                    0.0,
                    1.0
                ]
            },
            {
                "640x480": [
                    614.9443969726563,
                    0.0,
                    295.76226806640627,
                    0.0,
                    614.7075805664063,
                    243.3651885986328,
                    0.0,
                    0.0,
                    1.0
                ]
            }
        ],
        "Depth Intrinsics": [
            {
                "1280x720": [
                    938.261962890625,
                    0.0,
                    626.8411254882813,
                    0.0,
                    938.261962890625,
                    350.2491149902344,
                    0.0,
                    0.0,
                    1.0
                ]
            },
            {
                "640x480": [
                    625.5079956054688,
                    0.0,
                    311.2274169921875,
                    0.0,
                    625.5079956054688,
                    233.49940490722657,
                    0.0,
                    0.0,
                    1.0
                ]
            }
        ],
        "Color Depth Rotation": [
            0.9999927282333374,
            -0.0038038401398807766,
            -0.00025945837842300534,
            0.0038052224554121496,
            0.9999773502349854,
            0.0055532692931592468,
            0.00023832915758248419,
            -0.005554215982556343,
            0.9999845623970032
        ],
        "Color Depth Translation": [
            -0.015007016249001027,
            0.0000312151423713658,
            0.00029057703795842826
        ]
    }
]